247.88360595703125 150.283721923828125 -53.4264984130859375 0
333.960662841796875 213.6762847900390625 -36.936771392822265625 1
465.400238037109375 322.951385498046875 13.65058231353759765625 2
465.2994384765625 323.2359619140625 13.65843296051025390625 2
470.418792724609375 328.012115478515625 11.89389514923095703125 3
470.01568603515625 329.150421142578125 11.86249065399169921875 3
461.293365478515625 334.548797607421875 184.545562744140625 2
464.140533447265625 326.5086669921875 111.74871826171875 2
468.705596923828125 332.850006103515625 109.76042938232421875 3
443.42205810546875 328.657989501953125 256.166046142578125 2
448.692047119140625 332.406524658203125 258.205352783203125 3
442.545867919921875 330.271759033203125 330.022125244140625 2
447.767608642578125 334.10919189453125 331.96331787109375 3
440.76934814453125 333.543731689453125 403.927276611328125 2
407.540740966796875 408.197845458984375 427.7708740234375 3
445.546661376953125 338.19964599609375 405.65057373046875 3
436.699462890625 341.03948974609375 574.72412109375 2
441.00933837890625 346.55633544921875 575.97833251953125 3
409.2213134765625 391.647979736328125 674.2216796875 2
433.290435791015625 347.318145751953125 624.52655029296875 2
404.90008544921875 399.606689453125 601.8822021484375 2
404.575958251953125 400.203643798828125 601.89984130859375 2
437.85205078125 352.371337890625 649.61456298828125 3
415.29583740234375 393.91473388671875 672.576904296875 3
431.66986083984375 350.30291748046875 722.6148681640625 2
409.7496337890625 390.6749267578125 748.001220703125 2
436.38739013671875 355.06890869140625 723.34307861328125 3
415.6678466796875 393.22955322265625 746.405517578125 3
410.60205078125 389.104949951171875 821.76312255859375 2
429.06500244140625 355.100433349609375 796.565185546875 2
427.93634033203125 357.179168701171875 845.010009765625 2
434.634613037109375 358.297119140625 797.05584716796875 3
434.2147216796875 359.07049560546875 845.41632080078125 3
411.490509033203125 387.4686279296875 895.52301025390625 2
411.4422607421875 387.5574951171875 943.90899658203125 2
423.530853271484375 365.2930908203125 919.0584716796875 2
420.781585693359375 370.356597900390625 967.5916748046875 2
430.589263916015625 365.747772216796875 919.02703857421875 3
416.95208740234375 390.864288330078125 894.0921630859375 3
416.892303466796875 390.974395751953125 942.47222900390625 3
414.119110107421875 382.6273193359375 1065.9547119140625 2
413.002716064453125 384.683502197265625 1066.015625 2
412.642578125 385.346771240234375 1066.0352783203125 2
412.138397216796875 386.275390625 1066.062744140625 2
411.95831298828125 386.607025146484375 1066.072509765625 2
412.294677734375 385.987518310546875 1017.67083740234375 2
426.3875732421875 373.486297607421875 992.60638427734375 3
417.66046142578125 389.559600830078125 1016.32244873046875 3
372.535858154296875 412.240936279296875 60.764682769775390625 2
377.65997314453125 416.10906982421875 61.628307342529296875 3
374.143951416015625 410.14520263671875 158.69598388671875 2
378.71673583984375 414.73187255859375 159.6734466552734375 3
376.747711181640625 406.751922607421875 232.3930816650390625 2
381.396759033203125 411.23919677734375 233.5962677001953125 3
381.969940185546875 399.946197509765625 378.5533447265625 2
378.66229248046875 404.256805419921875 306.11962890625 2
386.895111083984375 404.0736083984375 356.0228271484375 3
383.66326904296875 408.285430908203125 307.50140380859375 3
383.7926025390625 397.57086181640625 452.2838134765625 2
388.549163818359375 401.917999267578125 454.093475341796875 3
383.5477294921875 397.889984130859375 526.10260009765625 2
388.380523681640625 402.13775634765625 527.89459228515625 3
389.41363525390625 390.245391845703125 599.66033935546875 2
394.04705810546875 394.753021240234375 601.94500732421875 3
607.4937744140625 465.1851806640625 74.014312744140625 4
611.9017333984375 471.17138671875 72.47156524658203125 5
752.96337890625 643.84942626953125 121.99137115478515625 6
756.72821044921875 649.99285888671875 123.74021148681640625 7
-783.63677978515625 -635.4439697265625 660.55792236328125 7
-402.887481689453125 -906.6573486328125 -269.977020263671875 6
