182.26164252170872 206.23840948813336 0
44.56249382608405 54.0430696789108 0
386.5507730797193 398.2412388096434 0
181.8839927065469 205.84860202199684 0
321.1681177016625 340.6429707551058 0
-175.6128332213985 -241.8536452663734 0
186.05165262631726 210.14263203883388 0
248.75481564800418 272.74159383553 0
396.27261233446745 406.5222251903717 0
321.71838643563 -138.40702645472447 0
-548.0892469939465 143.35519843367683 0
-260.48166472973975 81.73691876663406 0
-283.36516344201607 87.71218728454414 0
435.19651210670304 -198.1717100651099 0
346.15331854099236 -150.76421033975657 0
-282.1720648501001 87.40532847607119 0
-455.1550608886287 126.60742388105746 0
510.04642496796737 -241.01951478134015 0
51.6006830182838 29.56401849944359 0
-238.1153580175444 -154.53854810787288 0
-387.38473362985167 -268.43031457555935 0
-295.99344189553244 -197.0099305719973 0
440.3336472333533 213.18683755620077 0
427.8339763937299 208.28016579585483 0
-398.22702568287184 -277.27563456098505 0
507.759210557708 238.5871909480843 0
-298.78672349748985 -199.1123172485586 0
-454.3894498030039 -161.2900568615214 0
-434.59509098750243 -152.58628680829997 0
-528.3537369879839 -195.26679972432567 0
-457.5788166949544 -162.70765080310048 0
-345.54705456578546 -115.40741409535985 0
-336.31616767587275 -111.73525427900222 0
-335.6904783594606 -111.48756679611188 0
287.5792656057665 63.61695664071658 0
554.9969451844188 98.06993250829328 0
123.2662860100196 -242.9661300372868 0
163.93257447087137 -313.2124983875533 0
173.26891089310777 -328.77775741807454 0
-131.33415762930923 338.44403382420137 0
-101.39958608451735 250.45726100644652 0
122.13069314978748 -240.94414173821565 0
-132.9943409598976 343.5813739654417 0
235.2765600841376 -427.39099510932397 0
227.68608518063127 -415.7383178392938 0
348.29802144570704 51.935714941716924 0
546.9407209292237 64.50520089321617 0
356.0138559324969 52.65245875171013 0
547.6605177308977 64.52857045615065 0
-459.1892569221342 -129.9111231702882 0
-352.55403461183704 -93.16661414222699 0
-58.414239324474124 -12.537119025733318 0
291.6120179631307 46.10003555077992 0
-54.897614789528575 -11.750533001059466 0
80.48109507945605 553.6304293613508 0
42.01607226087333 363.74636252591347 0
-2.2190449707899234 -350.71283770414215 0
42.95182854951963 369.15423939282596 0
43.96637974605915 374.95790345599517 0
79.76464323420657 550.5531745471179 0
64.23406252654775 480.22966424742674 0
5.172093228050699 -465.54935104915035 0
27.932610920356638 274.6925384778933 0
-287.47586043316124 79.90377669501459 0
338.9946325145138 -131.4635419763199 0
436.5604830930324 -177.43634778137903 0
521.0337920585973 -220.4081831407052 0
523.0722153883692 -221.48259421903686 0
-278.7669093293939 77.88398466866329 0
-279.14424688609245 77.97200505342744 0
-463.67385667640974 115.57012966288539 0
437.84653799940793 -178.06817102643072 0
272.4692072656014 225.04598898956692 0
-482.4220222466695 -298.97845023158516 0
56.65128920461825 42.96192454688935 0
-392.6263328068395 -251.52145528567098 0
228.87770948562445 185.7416976435229 0
-42.71094702292521 -31.180168447704546 0
363.4357556189925 311.6489691426664 0
355.6776627098411 304.0094201338943 0
-240.98795019789986 -163.29913794087088 0
351.8947264614801 40.48585973430909 0
51.136546899895734 3.6172198625063174 0
476.3423688309938 63.67878144006909 0
272.75329095775476 28.176677140821084 0
-551.1255014049397 9.249048520842734 0
-72.89552060700782 -3.8385594153378406 0
-71.02683839500492 -3.75946427661529 0
-378.42926136730256 -3.1466857909322243 0
553.5228723905911 80.45609673295894 0
-119.77996269100942 -546.1256395708962 0
-92.8814973370176 -453.3035822458494 0
-120.36444915337302 -548.0412052203791 0
-7.699063975371587 -53.232706931969005 0
-93.3434957779387 -454.9826857319954 0
-65.0788151828873 -345.4746841977941 0
26.833966624818345 278.92707593758394 0
-69.08377001666099 -361.92196603329296 0
30.866164565635586 374.3757427382056 0
-30.101972527234352 -45.438001365449054 0
-274.67203164664767 -486.45363523907577 0
299.75578357667996 384.9936047226056 0
282.03656629334364 365.0567641991847 0
-154.47313423455586 -251.26106387657273 0
-194.23863107588255 -324.4083609494801 0
-273.4213926561416 -483.76697874499314 0
-182.2602467915247 -301.94056523069025 0
216.47047911670188 288.5631777007461 0
-197.77270780958787 447.7559631000622 0
244.35659917633802 -399.4127478342193 0
-188.1385047072049 421.507646517455 0
142.2917977298249 -246.50869064831318 0
297.70078281633346 -473.0768438858231 0
-157.37297051914112 341.6069280411523 0
142.35679835825795 -246.61166531469485 0
177.87822420875318 -301.7632426092607 0
145.38541883283563 -251.40110229474863 0
-431.39373758545355 -204.26512761903905 0
-430.46206231546444 -203.74702879446977 0
438.33065430075635 142.1639275166135 0
-427.4140480681567 -202.05453477299852 0
-271.6269230562682 -120.49062725003341 0
-271.4854543449082 -120.42085276572107 0
437.95333889342214 142.06737686067618 0
447.7835895203368 144.56883429681557 0
-335.39417821149055 -152.72308993140268 0
-412.02470850660933 -214.52730957132826 0
-239.54673493919648 -132.68879647000722 0
-46.583859874326095 -27.642006583101647 0
459.69301321319585 327.63600411128937 0
-502.11472670353436 -253.0409343088586 0
-242.7586557763767 -134.3136586545711 0
384.72379835161416 266.6982587005855 0
454.42745824005647 323.24883567858024 0
462.04277180650297 329.5991221472209 0
464.64810164091955 22.893427281984714 0
-74.70446612851629 1.7036149736049992 0
562.3157464200597 35.10862001550231 0
-465.28563298027547 35.004595381032686 0
-459.89907823772876 34.264073023101446 0
-474.5379580367484 36.29515043721722 0
-463.59774653193165 34.771695259491935 0
-487.6645501307147 38.166448940969985 0
-59.93021620718753 1.2485233638562931 0
-533.9178428044194 -172.06152425074742 0
292.35042028580733 58.844744107654606 0
-55.60923066521195 -13.92834799980983 0
57.05904845753071 13.369931522885508 0
-465.82541554337763 -145.17998374046965 0
-339.9843871792507 -99.42312833639289 0
274.9105795609198 55.999815299347574 0
269.90751889255307 55.16829832153735 0
476.3986126741279 83.83155195030395 0
-139.4372511368354 462.23328524160195 0
-75.31665693389948 275.04743969825415 0
-169.34811507285423 540.1440450818685 0
-95.71594263043698 338.0937214051306 0
67.56863231745797 -367.89431670265793 0
66.86336266704188 -362.6519227665366 0
-79.01949879996698 286.77141722264776 0
-73.11141723289666 268.0025503068413 0
-73.31086284311766 268.64165573884895 0
74.19736725558403 -278.3052979784778 0
100.25679337418171 -360.0845361070677 0
164.14403721748602 -538.5370093685611 0
96.09512925740705 -347.4322970524421 0
128.5805651452747 -442.59485470138236 0
-76.2054891853785 461.6966969638794 0
-77.56225848243741 474.9730745229863 0
74.92892879039277 -280.6888106062644 0
73.45329663080929 -275.8754391717729 0
360.64899410863256 76.49661708547228 0
346.44506877602635 74.14389319019074 0
349.99905301761373 74.73756194597718 0
272.9640104504856 61.12016282979539 0
-260.4097668707969 -77.73863824611271 0
50.817770655812524 12.924895607698545 0
-69.75254353716684 -18.91789716006315 0
-71.72542196186566 -19.472947891606054 0
554.3840551611552 103.31743712750767 0
331.5413328445193 -444.19885236933897 0
284.7381841414434 -388.7961045497609 0
276.86948150213357 -379.2785885678991 0
-31.79398517017239 50.218778767005915 0
-29.269707869202307 46.170726016596745 0
333.93019145169046 -446.9726180778903 0
-179.75196717551063 308.7933809073302 0
166.7058662558369 -239.37972424921008 0
-183.4568120077841 315.8840079770621 0
