30.81570136773428458809576113708317279815673828125 6.40429800018127881600094042369164526462554931640625 106.002467111957258794063818641006946563720703125
-30.87418814781904785604638163931667804718017578125 -15.488215776517481714336099685169756412506103515625 12.595865608176044503352386527694761753082275390625
-30.804530023902994884110739803873002529144287109375 -16.135033747366179568416555412113666534423828125 12.24690392208476197311028954572975635528564453125
-30.7723754651137682003536610864102840423583984375 -16.433706682507509100332754314877092838287353515625 11.9973832572829604004027714836411178112030029296875
-31.900405583485774485552610713057219982147216796875 -5.95705819796379376640516056795604526996612548828125 19.630568017483227549746516160666942596435546875
-25.54505244421820719935567467473447322845458984375 -21.2234210656829844765525194816291332244873046875 10.1655925583402932943499763496220111846923828125
-25.597521793617612928528615157119929790496826171875 -21.1383434198813802140648476779460906982421875 10.0405575170180298982813837938010692596435546875
-25.255676651787386077785413363017141819000244140625 -21.656323979129769696783114341087639331817626953125 23.440761360215635278336776536889374256134033203125
-22.7123601889264392639233847148716449737548828125 -25.78402045562013000790102523751556873321533203125 28.19246244169261927936531719751656055450439453125
-24.093866357346001905170851387083530426025390625 -23.532044946649055106036030338145792484283447265625 29.024865130200641516466930625028908252716064453125
-25.327834800364083633894551894627511501312255859375 -21.52223549920346812314164708368480205535888671875 29.19070166261400345319998450577259063720703125
-25.70751409200466497395609621889889240264892578125 -20.90470723958552667909316369332373142242431640625 28.9404468243539980676359846256673336029052734375
-1.67979969743023271888660019612871110439300537109375 -32.9745167427927725611880305223166942596435546875 -298.731109830064951893291436135768890380859375
0.50565454923315744650835767970420420169830322265625 -33.2219478398725840406768838874995708465576171875 -299.98213644366632024684804491698741912841796875
2.329976265439524407696580965421162545680999755859375 -33.45033256919946751395400497131049633026123046875 277.584214006187039558426477015018463134765625
26.206502088630276858793877181597054004669189453125 -19.42439540289925758997924276627600193023681640625 -106.444958418264576494038919918239116668701171875
25.595269432810550114254510845057666301727294921875 -20.0150676896121382242199615575373172760009765625 -106.445901905913814289306174032390117645263671875
25.52335970859646607777904137037694454193115234375 -20.084558546872475659483825438655912876129150390625 -106.446012904460786785421078093349933624267578125
33.75870941371533007213656674139201641082763671875 -12.139423134944959059566826908849179744720458984375 88.147549701203928407267085276544094085693359375
29.81289148549449663505583885125815868377685546875 -10.795336662385071946346215554513037204742431640625 83.79478376260084360183100216090679168701171875
47.46845370635706018447308451868593692779541015625 10.4113420021611045029885644908063113689422607421875 135.659314238547011655100504867732524871826171875
4.5246238475020188474218230112455785274505615234375 -49.74572865742904781427569105289876461029052734375 392.9267816630134575461852364242076873779296875
44.34110200287074121661134995520114898681640625 -20.529050977692900659121733042411506175994873046875 -96.847170149680749773324350826442241668701171875
47.06115510306036497922832495532929897308349609375 -16.764110753641261908342130482196807861328125 102.853932246752805212963721714913845062255859375
87.5490093787234826550047728233039379119873046875 20.4577132908479057959993951953947544097900390625 207.426937402386101894080638885498046875
82.247990327839232804763014428317546844482421875 -29.685538817427271851556724868714809417724609375 142.145270158074026767280884087085723876953125
120.8753116656023536279462859965860843658447265625 29.20639704762186994457806576974689960479736328125 267.25325270264539767595124430954456329345703125
-119.9005116792077814125150325708091259002685546875 22.433095381534581491678181919269263744354248046875 328.2073613539469079114496707916259765625
-122.1222420451405099584007984958589076995849609375 20.157629107723675332408674876205623149871826171875 350.033641519169350431184284389019012451171875
112.9286519552599798998926416970789432525634765625 -41.5779374513434873961159610189497470855712890625 176.8262254861848532527801580727100372314453125
286.09608364140166258948738686740398406982421875 79.231919492924561154723051004111766815185546875 566.2472318389576457775547169148921966552734375
278.3951392114478267103550024330615997314453125 -118.4680219882377656404059962369501590728759765625 369.5742028629248352444847114384174346923828125
281.03969466587778924804297275841236114501953125 -119.8312242092097932300021057017147541046142578125 374.35997620481390413260669447481632232666015625
353.87806341488550287976977415382862091064453125 102.9289803756247323462957865558564662933349609375 689.22603796260818853625096380710601806640625
364.25977231305984105347306467592716217041015625 106.7034401764031059656190336681902408599853515625 709.6168356399360845898627303540706634521484375
340.21938604430198438421939499676227569580078125 -152.9638144692409014169243164360523223876953125 445.72488632446476231052656657993793487548828125
395.9433528241116846402292139828205108642578125 -187.2461849736413341815932653844356536865234375 515.7264573953508488557417877018451690673828125
463.57941760941906750304042361676692962646484375 -233.1519810680629234411753714084625244140625 602.069458698938660745625384151935577392578125
438.7311135842422800124040804803371429443359375 134.8816991013571850999142043292522430419921875 846.121130394703641286469064652919769287109375
-400.18369821926052054550382308661937713623046875 130.31246828803688231346313841640949249267578125 876.24622190837590096634812653064727783203125
480.06164320454075777888647280633449554443359375 151.605144170914940104921697638928890228271484375 925.07237043395298314862884581089019775390625
-322.1025443910144758774549700319766998291015625 26.582515320401707725750384270213544368743896484375 925.359268466907451511360704898834228515625
-426.525264455228125370922498404979705810546875 143.407188574392790769707062281668186187744140625 925.2563153578222454598289914429187774658203125
-387.63042919434286659452482126653194427490234375 23.01260599109628657288340036757290363311767578125 1113.44958278461808731663040816783905029296875
-502.32112045916557008240488357841968536376953125 186.0347454455064735157066024839878082275390625 1084.01739559247243960271589457988739013671875
-368.6632811577975417094421572983264923095703125 23.928212006133325218115714960731565952301025390625 1321.216514044062705579563044011592864990234375
-447.9027306440011670929379761219024658203125 17.515800768800676934233706560917198657989501953125 1285.413536210736083376104943454265594482421875
-437.02240594226560688184690661728382110595703125 19.216816281533734667164026177488267421722412109375 1421.51742248021901104948483407497406005859375
-481.953459453669665890629403293132781982421875 13.376939973594200949946753098629415035247802734375 1386.80975984571387016330845654010772705078125
225.522485429478734886288293637335300445556640625 172.977425920084215249517001211643218994140625 1756.90422349945265523274429142475128173828125
-165.385891002838690155840595252811908721923828125 -394.30652056735306132395635358989238739013671875 1792.368993235486186677007935941219329833984375
359.169595537716986655141226947307586669921875 -108.364458425898050109026371501386165618896484375 1787.0960195398538417066447436809539794921875
332.56438045687042404097155667841434478759765625 206.640571408765254091122187674045562744140625 2137.4457425648406569962389767169952392578125
434.09212173850067983948974870145320892333984375 223.970514562291981519592809490859508514404296875 2490.57571125996719274553470313549041748046875
502.19529654738636281763319857418537139892578125 230.403265405707458057804615236818790435791015625 2736.1975147071743776905350387096405029296875
406.20866853598698753557982854545116424560546875 186.4693784080001250913483090698719024658203125 2736.26227145626535275368951261043548583984375
503.26528948135302243827027268707752227783203125 236.2323111866954832294140942394733428955078125 2736.194442752193936030380427837371826171875
